Path 1:
  0.4520, -4.6735, 0.8190, 0.4520, -4.6735, 0.8190

Path 2:
  5.4150, -4.8063, 0.5484, 5.4150, -4.8063, 0.5484

Path 3:
  4.3401, 4.2455, 0.3294, 4.3401, 4.2455, 0.3294

Path 4:
  0.1458, 4.1579, 0.3533, 0.1458, 4.1579, 0.3533

Path 5:
  3.5140, 2.0305, 0.2311, 3.5140, 2.0305, 0.2311

Path 6:
  -0.8432, 5.3397, 0.2676, -0.8432, 5.3397, 0.2676

Path 7:
  -2.2297, 1.8091, 0.1927, -2.2297, 1.8091, 0.1927

Path 8:
  -1.6034, -2.8441, 0.0189, -1.6034, -2.8441, 0.0189

Path 9:
  -1.9359, -5.4619, 0.0118, -1.9359, -5.4619, 0.0118

Path 10:
  -5.7935, 3.7114, 0.0880, -5.7935, 3.7114, 0.0880
  4.2755, -2.8701, 0.1481, 4.2755, -2.8701, 0.1481
  0.2906, -2.9326, 0.5116, 0.2906, -2.9326, 0.5116
  -0.1995, 0.9537, 0.8260, -0.1995, 0.9537, 0.8260
  0.0804, 0.8567, 0.8815, 0.0804, 0.8567, 0.8815
  0.4097, -4.3968, 0.8952, 0.4097, -4.3968, 0.8952
  0.4304, -4.2697, 0.9641, 0.4304, -4.2697, 0.9641
  0.5757, -4.2413, 1.1839, 0.5757, -4.2413, 1.1839
  0.5826, -4.1994, 1.2066, 0.5826, -4.1994, 1.2066
  0.6347, -4.2407, 1.2757, 0.6347, -4.2407, 1.2757
  0.6464, -4.1766, 1.3131, 0.6464, -4.1766, 1.3131
  0.5808, -4.2268, 1.1961, 0.6464, -4.1766, 1.3131
  0.7583, -4.1882, 1.4930, 0.7583, -4.1882, 1.4930
  0.6859, -4.2175, 1.3648, 0.7583, -4.1882, 1.4930
  0.8568, -4.2490, 1.6346, 0.8568, -4.2490, 1.6346
  0.8324, -4.3048, 1.5683, 0.8568, -4.2490, 1.6346
  0.8458, -4.1948, 1.6374, 0.8458, -4.1948, 1.6374
  0.7702, -4.2672, 1.4838, 0.8458, -4.1948, 1.6374
  0.8601, -4.2024, 1.6588, 0.8601, -4.2024, 1.6588
  0.9221, -3.9735, 1.8087, 0.9221, -3.9735, 1.8087
  0.8616, -4.2167, 1.6560, 0.9221, -3.9735, 1.8087
  0.9071, -4.1064, 1.7674, 0.9221, -3.9735, 1.8087
  0.9026, -4.0591, 1.7684, 0.9221, -3.9735, 1.8087
  0.9079, -4.0216, 1.7821, 0.9221, -3.9735, 1.8087
  1.0416, -4.1859, 1.9702, 1.0416, -4.1859, 1.9702
  1.0123, -4.0500, 1.9579, 1.0416, -4.1859, 1.9702
  1.1054, -4.0302, 2.1166, 1.1054, -4.0302, 2.1166
  1.1969, -4.1877, 2.2182, 1.1969, -4.1877, 2.2182
  1.2298, -4.1080, 2.2983, 1.2298, -4.1080, 2.2983
  1.2105, -4.1905, 2.2377, 1.2298, -4.1080, 2.2983
  1.2940, -4.2063, 2.3524, 1.2940, -4.2063, 2.3524

